1.500000000000000000e+00 5.964438120806031529e-01
1.722222222222222321e+00 4.441422926161917584e-01
1.944444444444444420e+00 3.137865374779534311e-01
2.166666666666666519e+00 2.261321126165650175e-01
2.388888888888888840e+00 1.527339450550969091e-01
2.611111111111111160e+00 1.075190139228727471e-01
2.833333333333333037e+00 7.579795097990982278e-02
3.055555555555555358e+00 5.363584789008569997e-02
3.277777777777777679e+00 4.036117192604461029e-02
3.500000000000000000e+00 2.925710371165353429e-02
