1.500000000000000000e+00 7.954790594425051875e-01
1.722222222222222321e+00 5.751472521820375494e-01
1.944444444444444420e+00 4.664109442866429256e-01
2.166666666666666519e+00 2.734224020568025715e-01
2.388888888888888840e+00 1.928496842804212352e-01
2.611111111111111160e+00 1.221528172448486521e-01
2.833333333333333037e+00 8.121156942833950010e-02
3.055555555555555358e+00 5.616245633067856041e-02
3.277777777777777679e+00 3.901568061939707233e-02
3.500000000000000000e+00 3.026821067138594015e-02
