1.500000000000000000e+00 8.899170992158248472e-01
1.722222222222222321e+00 6.717750991839471775e-01
1.944444444444444420e+00 4.584148865381821869e-01
2.166666666666666519e+00 3.028482529376947952e-01
2.388888888888888840e+00 2.011168653098359405e-01
2.611111111111111160e+00 1.361391015145760885e-01
2.833333333333333037e+00 8.979022622400260889e-02
3.055555555555555358e+00 6.214033303761272442e-02
3.277777777777777679e+00 4.369137638085006381e-02
3.500000000000000000e+00 3.245368730249156841e-02
