1.500000000000000000e+00 8.736597094211313586e-01
1.722222222222222321e+00 5.999601439298360983e-01
1.944444444444444420e+00 4.206208557346110544e-01
2.166666666666666519e+00 2.949239609124899575e-01
2.388888888888888840e+00 1.794913826034365556e-01
2.611111111111111160e+00 1.198025427829818162e-01
2.833333333333333037e+00 8.289060045036143742e-02
3.055555555555555358e+00 5.626889465070165214e-02
3.277777777777777679e+00 4.114232503392468987e-02
3.500000000000000000e+00 3.064745156509535856e-02
