0.000000000000000000e+00 -5.706787109375000325e-05
1.000000000000000000e+00 -8.705139160156250108e-05
2.000000000000000000e+00 -4.592895507812499675e-05
3.000000000000000000e+00 -1.037597656250000075e-05
4.000000000000000000e+00 2.227783203124999946e-05
5.000000000000000000e+00 4.379272460937500163e-05
6.000000000000000000e+00 6.355285644531250054e-05
7.000000000000000000e+00 5.470275878906249946e-05
8.000000000000000000e+00 4.081726074218749729e-05
9.000000000000000000e+00 -1.602172851562500068e-05
1.000000000000000000e+01 -4.570007324218750163e-05
1.100000000000000000e+01 -4.623413085937499702e-05
1.200000000000000000e+01 -3.097534179687499702e-05
1.300000000000000000e+01 -3.082275390625000027e-05
1.400000000000000000e+01 -3.128051757812499729e-05
1.500000000000000000e+01 -2.578735351562499919e-05
1.600000000000000000e+01 1.502990722656249980e-05
1.700000000000000000e+01 4.959106445312500169e-06
1.800000000000000000e+01 3.662109374999999864e-05
1.900000000000000000e+01 1.663208007812500122e-05
2.000000000000000000e+01 -1.144409179687499958e-06
2.100000000000000000e+01 -2.159118652343750054e-05
2.200000000000000000e+01 -2.136230468750000203e-06
2.300000000000000000e+01 1.625061035156249919e-05
2.400000000000000000e+01 4.692077636718750271e-05
2.500000000000000000e+01 4.539489746093750136e-05
2.600000000000000000e+01 5.477905273437499783e-05
2.700000000000000000e+01 3.982543945312499810e-05
2.800000000000000000e+01 1.861572265624999959e-05
2.900000000000000000e+01 3.814697265625000000e-06
3.000000000000000000e+01 -4.806518554687500034e-06
3.100000000000000000e+01 9.307861328124999797e-06
3.200000000000000000e+01 7.629394531250000000e-06
3.300000000000000000e+01 6.958007812499999404e-05
3.400000000000000000e+01 6.278991699218750325e-05
3.500000000000000000e+01 1.525878906250000000e-05
3.600000000000000000e+01 1.541137695312500014e-05
3.700000000000000000e+01 5.035400390625000237e-06
3.800000000000000000e+01 -3.753662109374999946e-05
3.900000000000000000e+01 -3.677368164062500217e-05
4.000000000000000000e+01 -3.349304199218749756e-05
4.100000000000000000e+01 1.632690429687500095e-05
4.200000000000000000e+01 8.010864257812500339e-06
4.300000000000000000e+01 -1.754760742187500076e-06
4.400000000000000000e+01 -1.770019531249999878e-05
4.500000000000000000e+01 -2.189636230468750081e-05
4.600000000000000000e+01 -7.629394531250000424e-07
4.700000000000000000e+01 1.312255859374999980e-05
4.800000000000000000e+01 8.544921875000000813e-06
4.900000000000000000e+01 2.983093261718750108e-05
5.000000000000000000e+01 2.723693847656249878e-05
5.100000000000000000e+01 1.144409179687499958e-06
5.200000000000000000e+01 -1.380920410156250041e-05
5.300000000000000000e+01 -4.043579101562499864e-05
5.400000000000000000e+01 -3.372192382812499946e-05
5.500000000000000000e+01 -1.403808593750000061e-05
5.600000000000000000e+01 8.850097656249999390e-06
5.700000000000000000e+01 2.258300781249999973e-05
5.800000000000000000e+01 2.151489257812499878e-05
5.900000000000000000e+01 7.720947265624999404e-05
6.000000000000000000e+01 6.866455078125000000e-05
6.100000000000000000e+01 9.513854980468750488e-05
6.200000000000000000e+01 6.980895996093750271e-05
6.300000000000000000e+01 3.540039062499999756e-05
