0.000000000000000000e+00 -1.388549804687500047e-05
1.000000000000000000e+00 -7.705688476562500068e-06
2.000000000000000000e+00 7.629394531250000424e-07
3.000000000000000000e+00 1.594543457031249892e-05
4.000000000000000000e+00 2.555847167968750068e-05
5.000000000000000000e+00 2.517700195312499864e-05
6.000000000000000000e+00 2.883911132812499851e-05
7.000000000000000000e+00 3.112792968750000054e-05
8.000000000000000000e+00 3.547668457031250271e-05
9.000000000000000000e+00 3.074645996093750190e-05
1.000000000000000000e+01 3.631591796874999837e-05
1.100000000000000000e+01 3.547668457031250271e-05
1.200000000000000000e+01 3.509521484374999729e-05
1.300000000000000000e+01 2.914428710937499878e-05
1.400000000000000000e+01 2.029418945312500108e-05
1.500000000000000000e+01 1.968383789062500054e-05
1.600000000000000000e+01 1.350402832031250014e-05
1.700000000000000000e+01 2.258300781249999973e-05
1.800000000000000000e+01 1.419067382812500075e-05
1.900000000000000000e+01 1.068115234374999932e-05
2.000000000000000000e+01 8.163452148437500474e-06
2.100000000000000000e+01 2.365112304687499983e-06
2.200000000000000000e+01 -6.332397460937499695e-06
2.300000000000000000e+01 -9.536743164062500000e-06
2.400000000000000000e+01 -1.396179199218750054e-05
2.500000000000000000e+01 -1.930236816406249851e-05
2.600000000000000000e+01 -1.686096191406249973e-05
2.700000000000000000e+01 -1.289367675781249959e-05
2.800000000000000000e+01 -1.602172851562500068e-05
2.900000000000000000e+01 -1.350402832031250014e-05
3.000000000000000000e+01 -1.953125000000000041e-05
3.100000000000000000e+01 -1.670837402343749959e-05
3.200000000000000000e+01 -1.403808593750000061e-05
3.300000000000000000e+01 -9.307861328124999797e-06
3.400000000000000000e+01 -2.136230468749999864e-05
3.500000000000000000e+01 -2.593994140624999932e-05
3.600000000000000000e+01 -1.960754394531249878e-05
3.700000000000000000e+01 -1.907348632812500000e-05
3.800000000000000000e+01 -2.357482910156249892e-05
3.900000000000000000e+01 -2.304077148437500014e-05
4.000000000000000000e+01 -1.220703125000000068e-05
4.100000000000000000e+01 -5.950927734375000203e-06
4.200000000000000000e+01 -4.119873046875000271e-06
4.300000000000000000e+01 -3.814697265625000212e-07
4.400000000000000000e+01 4.959106445312500169e-06
4.500000000000000000e+01 8.316040039062500610e-06
4.600000000000000000e+01 1.205444335937500054e-05
4.700000000000000000e+01 9.765625000000000203e-06
4.800000000000000000e+01 6.027221679687500271e-06
4.900000000000000000e+01 -2.288818359374999915e-07
5.000000000000000000e+01 -1.068115234374999932e-05
5.100000000000000000e+01 -1.419067382812500075e-05
5.200000000000000000e+01 -1.792907714843750068e-05
5.300000000000000000e+01 -1.167297363281250020e-05
5.400000000000000000e+01 -1.029968261718750068e-05
5.500000000000000000e+01 -1.564025878906249864e-05
5.600000000000000000e+01 -1.052856445312499919e-05
5.700000000000000000e+01 -6.332397460937499695e-06
5.800000000000000000e+01 -8.697509765624999255e-06
5.900000000000000000e+01 -6.561279296874999898e-06
6.000000000000000000e+01 -4.196166992187500339e-06
6.100000000000000000e+01 -6.866455078125000169e-06
6.200000000000000000e+01 -9.613037109375000068e-06
6.300000000000000000e+01 -1.159667968750000014e-05
