0.000000000000000000e+00 -8.010864257812500339e-06
1.000000000000000000e+00 6.742477416992187771e-06
2.000000000000000000e+00 1.797676086425781386e-05
3.000000000000000000e+00 1.409530639648437439e-05
4.000000000000000000e+00 3.919601440429687805e-06
5.000000000000000000e+00 -1.577377319335937419e-05
6.000000000000000000e+00 -2.092361450195312622e-05
7.000000000000000000e+00 -1.240730285644531230e-05
8.000000000000000000e+00 -6.141662597656250373e-06
9.000000000000000000e+00 7.286071777343749695e-06
1.000000000000000000e+01 1.080513000488281257e-05
1.100000000000000000e+01 5.769729614257812331e-06
1.200000000000000000e+01 -3.595352172851562517e-06
1.300000000000000000e+01 -1.059532165527343696e-05
1.400000000000000000e+01 -7.953643798828124864e-06
1.500000000000000000e+01 -5.798339843750000068e-06
1.600000000000000000e+01 -8.010864257812499704e-07
1.700000000000000000e+01 4.673004150390624915e-07
1.800000000000000000e+01 -3.938674926757812398e-06
1.900000000000000000e+01 1.831054687499999932e-06
2.000000000000000000e+01 4.320144653320312737e-06
2.100000000000000000e+01 1.535415649414062593e-06
2.200000000000000000e+01 -1.360893249511718709e-05
2.300000000000000000e+01 -1.491546630859375054e-05
2.400000000000000000e+01 -1.811981201171875021e-07
2.500000000000000000e+01 5.388259887695312839e-06
2.600000000000000000e+01 -4.558563232421875237e-06
2.700000000000000000e+01 -5.741119384765624593e-06
2.800000000000000000e+01 2.470016479492187364e-06
2.900000000000000000e+01 1.554489135742187398e-06
3.000000000000000000e+01 2.574920654296875169e-07
3.100000000000000000e+01 2.927780151367187348e-06
3.200000000000000000e+01 9.746551513671875610e-06
3.300000000000000000e+01 1.432418823242187459e-05
3.400000000000000000e+01 1.247406005859375007e-05
3.500000000000000000e+01 -1.955032348632812331e-06
3.600000000000000000e+01 -4.577636718749999831e-06
3.700000000000000000e+01 -3.719329833984374915e-06
3.800000000000000000e+01 -5.035400390625000237e-06
3.900000000000000000e+01 -2.498626708984375102e-06
4.000000000000000000e+01 1.010894775390624966e-05
4.100000000000000000e+01 1.319885253906249986e-05
4.200000000000000000e+01 1.766204833984374959e-05
4.300000000000000000e+01 9.384155273437499864e-06
4.400000000000000000e+01 1.621246337890625116e-07
4.500000000000000000e+01 -1.035690307617187446e-05
4.600000000000000000e+01 -1.320838928222656216e-05
4.700000000000000000e+01 5.054473876953125254e-07
4.800000000000000000e+01 6.399154663085937466e-06
4.900000000000000000e+01 1.347541809082031325e-05
5.000000000000000000e+01 1.035690307617187446e-05
5.100000000000000000e+01 5.035400390625000237e-06
5.200000000000000000e+01 -1.908302307128906399e-05
5.300000000000000000e+01 -1.115798950195312432e-05
5.400000000000000000e+01 1.544952392578125102e-06
5.500000000000000000e+01 9.193420410156250542e-06
5.600000000000000000e+01 4.415512084960937398e-06
5.700000000000000000e+01 2.727508544921874881e-06
5.800000000000000000e+01 3.623962402343750042e-07
5.900000000000000000e+01 -8.773803710937500381e-07
6.000000000000000000e+01 -7.123947143554687263e-06
6.100000000000000000e+01 -3.938674926757812398e-06
6.200000000000000000e+01 -5.378723144531249695e-06
6.300000000000000000e+01 -7.925033569335937974e-06
6.400000000000000000e+01 1.745223999023437568e-06
6.500000000000000000e+01 3.309249877929687686e-06
6.600000000000000000e+01 5.245208740234375000e-06
6.700000000000000000e+01 -1.249313354492187551e-06
6.800000000000000000e+01 -1.382827758789062458e-06
6.900000000000000000e+01 4.081726074218750237e-06
7.000000000000000000e+01 9.918212890625000339e-07
7.100000000000000000e+01 -2.250671386718749881e-06
7.200000000000000000e+01 1.239776611328125042e-06
7.300000000000000000e+01 5.722045898437499788e-08
7.400000000000000000e+01 -5.464553833007812907e-06
7.500000000000000000e+01 -5.750656127929687737e-06
7.600000000000000000e+01 -4.692077636718749932e-06
7.700000000000000000e+01 2.145767211914062500e-06
7.800000000000000000e+01 1.592636108398437432e-06
7.900000000000000000e+01 6.866455078124999746e-07
8.000000000000000000e+01 3.662109374999999864e-06
8.100000000000000000e+01 4.510879516601562907e-06
8.200000000000000000e+01 1.668930053710937500e-06
8.300000000000000000e+01 -5.722045898437500000e-06
8.400000000000000000e+01 -6.551742553710937602e-06
8.500000000000000000e+01 -9.078979492187499593e-06
8.600000000000000000e+01 -3.442764282226562381e-06
8.700000000000000000e+01 -4.768371582031250000e-07
8.800000000000000000e+01 -3.156661987304687551e-06
8.900000000000000000e+01 -3.118515014648437517e-06
9.000000000000000000e+01 6.141662597656250373e-06
9.100000000000000000e+01 5.960464477539062500e-06
9.200000000000000000e+01 9.822845458984375254e-07
9.300000000000000000e+01 -4.367828369140625068e-06
9.400000000000000000e+01 -1.478195190429687542e-06
9.500000000000000000e+01 8.201599121093749661e-06
9.600000000000000000e+01 5.254745483398437297e-06
9.700000000000000000e+01 2.708435058593749864e-06
9.800000000000000000e+01 1.401901245117187475e-06
9.900000000000000000e+01 1.170158386230468709e-05
1.000000000000000000e+02 8.354187011718749797e-06
1.010000000000000000e+02 -5.970001220703124797e-06
1.020000000000000000e+02 -5.064010620117187127e-06
1.030000000000000000e+02 1.440048217773437508e-06
1.040000000000000000e+02 9.346008300781250678e-06
1.050000000000000000e+02 5.235671997070312703e-06
1.060000000000000000e+02 6.322860717773437398e-06
1.070000000000000000e+02 7.810592651367187026e-06
1.080000000000000000e+02 -1.582145690917968736e-05
1.090000000000000000e+02 -1.055717468261718777e-05
1.100000000000000000e+02 -1.118659973144531291e-05
1.110000000000000000e+02 -1.182556152343749992e-06
1.120000000000000000e+02 6.084442138671874898e-06
1.130000000000000000e+02 3.366470336914062314e-06
1.140000000000000000e+02 -7.266998291015625102e-06
1.150000000000000000e+02 3.871917724609374627e-06
1.160000000000000000e+02 8.611679077148436890e-06
1.170000000000000000e+02 1.301765441894531284e-05
1.180000000000000000e+02 4.854202270507812364e-06
1.190000000000000000e+02 2.384185791015625000e-07
1.200000000000000000e+02 -5.245208740234375000e-06
1.210000000000000000e+02 -8.707046508789063245e-06
1.220000000000000000e+02 -3.929138183593750102e-06
1.230000000000000000e+02 -1.945495605468750034e-06
1.240000000000000000e+02 8.010864257812500339e-06
1.250000000000000000e+02 7.591247558593749966e-06
1.260000000000000000e+02 5.855560302734374695e-06
1.270000000000000000e+02 -8.182525634765625068e-06
