0.000000000000000000e+00 7.095336914062500542e-05
1.000000000000000000e+00 4.783630371093749675e-05
2.000000000000000000e+00 -7.934570312500000271e-06
3.000000000000000000e+00 -2.426147460937500122e-05
4.000000000000000000e+00 -3.662109374999999864e-05
5.000000000000000000e+00 2.166748046874999892e-05
6.000000000000000000e+00 3.433227539062500000e-05
7.000000000000000000e+00 -4.020690917968749675e-05
8.000000000000000000e+00 -4.295349121093749919e-05
9.000000000000000000e+00 -3.509521484375000152e-06
1.000000000000000000e+01 -2.029418945312500108e-05
1.100000000000000000e+01 -6.622314453124999783e-05
1.200000000000000000e+01 3.585815429687499797e-06
1.300000000000000000e+01 5.287170410156249783e-05
1.400000000000000000e+01 9.994506835937499729e-05
1.500000000000000000e+01 2.067565917968749973e-05
1.600000000000000000e+01 6.713867187500000034e-06
1.700000000000000000e+01 -9.918212890625000339e-07
1.800000000000000000e+01 -2.632141113281250136e-05
1.900000000000000000e+01 -5.653381347656250108e-05
2.000000000000000000e+01 -3.700256347656249729e-05
2.100000000000000000e+01 -2.258300781249999973e-05
2.200000000000000000e+01 -3.944396972656249946e-05
2.300000000000000000e+01 2.845764160156249986e-05
2.400000000000000000e+01 1.518249511718749993e-05
2.500000000000000000e+01 -4.089355468750000244e-05
2.600000000000000000e+01 -4.859924316406250081e-05
2.700000000000000000e+01 3.120422363281249892e-05
2.800000000000000000e+01 3.509521484375000152e-06
2.900000000000000000e+01 1.678466796875000008e-06
3.000000000000000000e+01 2.578735351562499919e-05
3.100000000000000000e+01 4.173278808593749810e-05
3.200000000000000000e+01 1.220703125000000068e-05
3.300000000000000000e+01 -2.861022949218750000e-05
3.400000000000000000e+01 -1.579284667968749878e-05
3.500000000000000000e+01 1.342773437500000007e-05
3.600000000000000000e+01 1.083374023437499946e-05
3.700000000000000000e+01 1.144409179687499958e-06
3.800000000000000000e+01 -1.159667968750000014e-05
3.900000000000000000e+01 -5.607604980468749729e-05
4.000000000000000000e+01 -2.700805664062500027e-05
4.100000000000000000e+01 3.158569335937499756e-05
4.200000000000000000e+01 1.960754394531249878e-05
4.300000000000000000e+01 -1.304626464843749973e-05
4.400000000000000000e+01 -7.324218749999999729e-06
4.500000000000000000e+01 1.548767089843749851e-05
4.600000000000000000e+01 1.129150390624999986e-05
4.700000000000000000e+01 -1.693725585937500149e-05
4.800000000000000000e+01 1.449584960937499932e-05
4.900000000000000000e+01 -8.544921875000000813e-06
5.000000000000000000e+01 -2.098083496093750000e-05
5.100000000000000000e+01 1.258850097656249932e-05
5.200000000000000000e+01 -5.569458007812499864e-06
5.300000000000000000e+01 -4.005432128906250000e-05
5.400000000000000000e+01 -2.250671386718750136e-05
5.500000000000000000e+01 -2.380371093750000081e-05
5.600000000000000000e+01 2.189636230468750081e-05
5.700000000000000000e+01 3.997802734375000163e-05
5.800000000000000000e+01 6.553649902343749892e-05
5.900000000000000000e+01 2.868652343749999837e-05
6.000000000000000000e+01 -4.096984863281250081e-05
6.100000000000000000e+01 -2.052307128906249959e-05
6.200000000000000000e+01 1.922607421875000014e-05
6.300000000000000000e+01 7.247924804687500000e-05
