0.000000000000000000e+00 3.753662109374999946e-05
1.000000000000000000e+00 8.407592773437499675e-05
2.000000000000000000e+00 4.524230957031249783e-05
3.000000000000000000e+00 -2.716064453125000041e-05
4.000000000000000000e+00 -5.126953124999999810e-05
5.000000000000000000e+00 -2.143859863281250041e-05
6.000000000000000000e+00 6.713867187500000034e-06
7.000000000000000000e+00 2.311706542968749851e-05
8.000000000000000000e+00 3.883361816406249892e-05
9.000000000000000000e+00 4.211425781249999675e-05
1.000000000000000000e+01 -1.113891601562499973e-05
1.100000000000000000e+01 1.800537109374999905e-05
1.200000000000000000e+01 5.775451660156250217e-05
1.300000000000000000e+01 1.930236816406249851e-05
1.400000000000000000e+01 -9.155273437499999661e-07
1.500000000000000000e+01 -1.464843749999999946e-05
1.600000000000000000e+01 3.280639648437499864e-05
1.700000000000000000e+01 3.524780273437500081e-05
1.800000000000000000e+01 -4.852294921875000244e-05
1.900000000000000000e+01 -1.754760742187499864e-05
2.000000000000000000e+01 2.670288085937500000e-05
2.100000000000000000e+01 5.676269531250000298e-05
2.200000000000000000e+01 2.830505371093749973e-05
2.300000000000000000e+01 -6.958007812499999404e-05
2.400000000000000000e+01 -1.173400878906250060e-04
2.500000000000000000e+01 -8.262634277343750054e-05
2.600000000000000000e+01 -8.155822753906249621e-05
2.700000000000000000e+01 -2.593994140625000186e-06
2.800000000000000000e+01 3.364562988281250108e-05
2.900000000000000000e+01 2.326965332031249864e-05
3.000000000000000000e+01 2.067565917968749973e-05
3.100000000000000000e+01 -3.028869628906250149e-05
3.200000000000000000e+01 -3.982543945312499810e-05
3.300000000000000000e+01 -4.798889160156250027e-05
3.400000000000000000e+01 -2.349853515625000054e-05
3.500000000000000000e+01 1.403808593750000061e-05
3.600000000000000000e+01 -1.144409179687499958e-06
3.700000000000000000e+01 -1.922607421875000014e-05
3.800000000000000000e+01 -2.410888671875000108e-05
3.900000000000000000e+01 1.861572265624999959e-05
4.000000000000000000e+01 8.232116699218749349e-05
4.100000000000000000e+01 6.134033203124999349e-05
4.200000000000000000e+01 9.765625000000000203e-06
4.300000000000000000e+01 -2.891540527343750027e-05
4.400000000000000000e+01 -1.358032226562500020e-05
4.500000000000000000e+01 2.120971679687499851e-05
4.600000000000000000e+01 7.308959960937500054e-05
4.700000000000000000e+01 3.067016601562499675e-05
4.800000000000000000e+01 1.251220703124999925e-05
4.900000000000000000e+01 -3.204345703124999881e-06
5.000000000000000000e+01 4.577636718749999831e-06
5.100000000000000000e+01 -1.640319824218749932e-05
5.200000000000000000e+01 -2.433776855468749959e-05
5.300000000000000000e+01 -5.043029785156250244e-05
5.400000000000000000e+01 -3.150939941406249919e-05
5.500000000000000000e+01 -7.232666015625000325e-05
5.600000000000000000e+01 2.349853515625000054e-05
5.700000000000000000e+01 6.591796875000000434e-05
5.800000000000000000e+01 -1.533508300781249837e-05
5.900000000000000000e+01 -6.408691406250000271e-05
6.000000000000000000e+01 -2.998352050781250122e-05
6.100000000000000000e+01 -2.845764160156249986e-05
6.200000000000000000e+01 -9.994506835937500407e-06
6.300000000000000000e+01 7.331848144531249566e-05
