0.000000000000000000e+00 2.574920654296875169e-06
1.000000000000000000e+00 3.185272216796874864e-06
2.000000000000000000e+00 -1.008033752441406277e-05
3.000000000000000000e+00 -7.266998291015625102e-06
4.000000000000000000e+00 -2.069473266601562432e-06
5.000000000000000000e+00 -4.863739013671875085e-07
6.000000000000000000e+00 -1.707077026367187534e-06
7.000000000000000000e+00 2.584457397460937466e-06
8.000000000000000000e+00 8.192062377929687364e-06
9.000000000000000000e+00 7.667541503906249187e-06
1.000000000000000000e+01 -1.066207885742187473e-05
1.100000000000000000e+01 4.062652587890624797e-06
1.200000000000000000e+01 4.644393920898437602e-06
1.300000000000000000e+01 9.784698486328124797e-06
1.400000000000000000e+01 6.380081176757812873e-06
1.500000000000000000e+01 -1.277923583984375034e-05
1.600000000000000000e+01 -2.794265747070312652e-06
1.700000000000000000e+01 2.698898315429687568e-06
1.800000000000000000e+01 4.129409790039062568e-06
1.900000000000000000e+01 4.301071166992187297e-06
2.000000000000000000e+01 -4.100799560546874936e-07
2.100000000000000000e+01 -3.795623779296874983e-06
2.200000000000000000e+01 -2.603530883789062483e-06
2.300000000000000000e+01 -1.035690307617187446e-05
2.400000000000000000e+01 -9.536743164062500000e-06
2.500000000000000000e+01 1.621246337890624958e-06
2.600000000000000000e+01 1.268386840820312568e-06
2.700000000000000000e+01 2.098083496093750011e-07
2.800000000000000000e+01 4.024505615234374763e-06
2.900000000000000000e+01 -1.142501831054687541e-05
3.000000000000000000e+01 -4.520416259765625203e-06
3.100000000000000000e+01 -1.935958862304687314e-06
3.200000000000000000e+01 4.005432128906250169e-06
3.300000000000000000e+01 -3.814697265625000079e-08
3.400000000000000000e+01 -1.621246337890624958e-06
3.500000000000000000e+01 -1.869201660156249966e-06
3.600000000000000000e+01 2.450942993164062348e-06
3.700000000000000000e+01 7.085800170898437229e-06
3.800000000000000000e+01 5.788803100585937771e-06
3.900000000000000000e+01 3.433227539062499873e-07
4.000000000000000000e+01 -9.136199951171875068e-06
4.100000000000000000e+01 -3.604888916015624814e-06
4.200000000000000000e+01 8.411407470703125271e-06
4.300000000000000000e+01 1.012802124023437425e-05
4.400000000000000000e+01 6.408691406249999763e-06
4.500000000000000000e+01 -1.269340515136718797e-05
4.600000000000000000e+01 -1.070976257324218791e-05
4.700000000000000000e+01 -7.667541503906249187e-06
4.800000000000000000e+01 1.831054687499999932e-06
4.900000000000000000e+01 6.523132324218749864e-06
5.000000000000000000e+01 1.020431518554687559e-06
5.100000000000000000e+01 1.096725463867187415e-06
5.200000000000000000e+01 -4.072189331054687093e-06
5.300000000000000000e+01 5.893707275390624729e-06
5.400000000000000000e+01 5.245208740234375424e-07
5.500000000000000000e+01 -6.027221679687500271e-06
5.600000000000000000e+01 -6.933212280273437093e-06
5.700000000000000000e+01 -6.513595581054687568e-06
5.800000000000000000e+01 1.010894775390625051e-06
5.900000000000000000e+01 2.555847167968750152e-06
6.000000000000000000e+01 8.144378662109374187e-06
6.100000000000000000e+01 5.321502685546875068e-06
6.200000000000000000e+01 2.050399780273437415e-06
6.300000000000000000e+01 -6.256103515624999627e-06
6.400000000000000000e+01 -6.961822509765624831e-06
6.500000000000000000e+01 -9.117126464843750474e-06
6.600000000000000000e+01 -1.783370971679687602e-06
6.700000000000000000e+01 4.405975341796875102e-06
6.800000000000000000e+01 4.758834838867187703e-06
6.900000000000000000e+01 3.032684326171875152e-06
7.000000000000000000e+01 6.523132324218749864e-06
7.100000000000000000e+01 9.918212890625000339e-07
7.200000000000000000e+01 -4.043579101562500203e-06
7.300000000000000000e+01 2.994537353515625119e-06
7.400000000000000000e+01 1.679420471191406196e-05
7.500000000000000000e+01 5.874633789062500136e-06
7.600000000000000000e+01 -1.735687255859375059e-06
7.700000000000000000e+01 -1.013755798339843825e-05
7.800000000000000000e+01 -5.664825439453125373e-06
7.900000000000000000e+01 -6.866455078125000169e-06
8.000000000000000000e+01 -7.915496826171875678e-06
8.100000000000000000e+01 1.153945922851562466e-06
8.200000000000000000e+01 -2.164840698242187517e-06
8.300000000000000000e+01 -3.967285156250000136e-06
8.400000000000000000e+01 -1.093864440917968811e-05
8.500000000000000000e+01 -5.750656127929687737e-06
8.600000000000000000e+01 4.863739013671874661e-06
8.700000000000000000e+01 7.133483886718750407e-06
8.800000000000000000e+01 -5.054473876953125254e-07
8.900000000000000000e+01 -1.659393310546874992e-06
9.000000000000000000e+01 7.534027099609375339e-07
9.100000000000000000e+01 3.042221069335937449e-06
9.200000000000000000e+01 -3.814697265625000000e-06
9.300000000000000000e+01 1.754760742187500076e-06
9.400000000000000000e+01 4.234313964843750373e-06
9.500000000000000000e+01 8.754730224609374729e-06
9.600000000000000000e+01 -2.040863037109375119e-06
9.700000000000000000e+01 1.869201660156249966e-06
9.800000000000000000e+01 9.326934814453124390e-06
9.900000000000000000e+01 7.505416870117187602e-06
1.000000000000000000e+02 2.069473266601562432e-06
1.010000000000000000e+02 1.707077026367187534e-06
1.020000000000000000e+02 6.265640258789062771e-06
1.030000000000000000e+02 -4.806518554687500034e-06
1.040000000000000000e+02 -8.230209350585938245e-06
1.050000000000000000e+02 -2.174377441406249814e-06
1.060000000000000000e+02 3.499984741210937432e-06
1.070000000000000000e+02 3.013610839843750136e-06
1.080000000000000000e+02 4.825592041015624627e-06
1.090000000000000000e+02 -1.153945922851562466e-06
1.100000000000000000e+02 2.059936523437500136e-06
1.110000000000000000e+02 7.057189941406249915e-07
1.120000000000000000e+02 3.614425659179687534e-06
1.130000000000000000e+02 4.148483276367187161e-06
1.140000000000000000e+02 -3.185272216796874864e-06
1.150000000000000000e+02 -5.121231079101562602e-06
1.160000000000000000e+02 -6.599426269531249932e-06
1.170000000000000000e+02 1.611709594726562449e-06
1.180000000000000000e+02 -3.080368041992187483e-06
1.190000000000000000e+02 2.775192260742187636e-06
1.200000000000000000e+02 -1.659393310546874992e-06
1.210000000000000000e+02 -1.070976257324218791e-05
1.220000000000000000e+02 1.363754272460937441e-06
1.230000000000000000e+02 3.376007080078125034e-06
1.240000000000000000e+02 3.719329833984374915e-06
1.250000000000000000e+02 -2.193450927734375095e-07
1.260000000000000000e+02 6.017684936523437127e-06
1.270000000000000000e+02 7.114410400390624966e-06
