0.000000000000000000e+00 2.365112304687500068e-05
1.000000000000000000e+00 2.204895019531250095e-05
2.000000000000000000e+00 1.968383789062500054e-05
3.000000000000000000e+00 1.228332519531250075e-05
4.000000000000000000e+00 6.484985351562499831e-06
5.000000000000000000e+00 -1.449584960937500017e-06
6.000000000000000000e+00 -3.585815429687499797e-06
7.000000000000000000e+00 -1.235961914062500081e-05
8.000000000000000000e+00 -1.167297363281250020e-05
9.000000000000000000e+00 -8.392333984375000678e-06
1.000000000000000000e+01 -7.629394531250000000e-06
1.100000000000000000e+01 -6.332397460937499695e-06
1.200000000000000000e+01 -9.994506835937500407e-06
1.300000000000000000e+01 -3.585815429687499797e-06
1.400000000000000000e+01 -1.060485839843749925e-05
1.500000000000000000e+01 -1.113891601562499973e-05
1.600000000000000000e+01 -2.670288085937499831e-06
1.700000000000000000e+01 -8.773803710937499322e-06
1.800000000000000000e+01 -1.106262207031249966e-05
1.900000000000000000e+01 -1.220703125000000068e-05
2.000000000000000000e+01 -3.967285156250000136e-06
2.100000000000000000e+01 -3.051757812500000064e-07
2.200000000000000000e+01 -7.629394531250000424e-07
2.300000000000000000e+01 1.602172851562499941e-06
2.400000000000000000e+01 -5.493164062499999797e-06
2.500000000000000000e+01 -1.022338867187500061e-05
2.600000000000000000e+01 -7.858276367187500203e-06
2.700000000000000000e+01 -1.762390136718750041e-05
2.800000000000000000e+01 -1.365661621093750027e-05
2.900000000000000000e+01 -2.365112304687499983e-06
3.000000000000000000e+01 -5.264282226562499593e-06
3.100000000000000000e+01 2.212524414062499848e-06
3.200000000000000000e+01 1.373291015625000034e-05
3.300000000000000000e+01 2.525329589843750041e-05
3.400000000000000000e+01 3.425598144531250163e-05
3.500000000000000000e+01 4.676818847656249919e-05
3.600000000000000000e+01 4.692077636718750271e-05
3.700000000000000000e+01 5.493164062500000136e-05
3.800000000000000000e+01 5.233764648437500244e-05
3.900000000000000000e+01 4.913330078125000298e-05
4.000000000000000000e+01 3.967285156250000136e-05
4.100000000000000000e+01 2.319335937500000027e-05
4.200000000000000000e+01 7.629394531250000424e-07
4.300000000000000000e+01 -7.629394531250000424e-07
4.400000000000000000e+01 -1.319885253906249986e-05
4.500000000000000000e+01 -1.953125000000000041e-05
4.600000000000000000e+01 -2.189636230468750081e-05
4.700000000000000000e+01 -2.372741699218749905e-05
4.800000000000000000e+01 -2.326965332031249864e-05
4.900000000000000000e+01 -1.640319824218749932e-05
5.000000000000000000e+01 -1.998901367187500081e-05
5.100000000000000000e+01 -2.532958984374999878e-05
5.200000000000000000e+01 -3.013610839843750136e-05
5.300000000000000000e+01 -2.883911132812499851e-05
5.400000000000000000e+01 -3.417968750000000325e-05
5.500000000000000000e+01 -3.280639648437499864e-05
5.600000000000000000e+01 -2.517700195312499864e-05
5.700000000000000000e+01 -1.586914062500000054e-05
5.800000000000000000e+01 -7.171630859374999593e-06
5.900000000000000000e+01 -4.272460937500000407e-06
6.000000000000000000e+01 6.866455078124999746e-07
6.100000000000000000e+01 1.129150390624999986e-05
6.200000000000000000e+01 2.334594726562500041e-05
6.300000000000000000e+01 2.128601074218750027e-05
