0.000000000000000000e+00 -1.502990722656249980e-05
1.000000000000000000e+00 -1.037597656250000075e-05
2.000000000000000000e+00 -1.495361328124999973e-05
3.000000000000000000e+00 -1.686096191406249973e-05
4.000000000000000000e+00 -1.869201660156250136e-05
5.000000000000000000e+00 -1.327514648437499993e-05
6.000000000000000000e+00 -1.167297363281250020e-05
7.000000000000000000e+00 -1.358032226562500020e-05
8.000000000000000000e+00 -1.556396484375000027e-05
9.000000000000000000e+00 -1.190185546875000041e-05
1.000000000000000000e+01 -1.060485839843749925e-05
1.100000000000000000e+01 -4.882812500000000102e-06
1.200000000000000000e+01 6.256103515624999627e-06
1.300000000000000000e+01 2.365112304687499983e-06
1.400000000000000000e+01 5.111694335937500305e-06
1.500000000000000000e+01 1.213073730468750061e-05
1.600000000000000000e+01 6.713867187500000034e-06
1.700000000000000000e+01 8.010864257812500339e-06
1.800000000000000000e+01 2.441406250000000051e-06
1.900000000000000000e+01 8.621215820312499187e-06
2.000000000000000000e+01 1.899719238281250163e-05
2.100000000000000000e+01 1.533508300781249837e-05
2.200000000000000000e+01 1.441955566406249925e-05
2.300000000000000000e+01 1.434326171874999919e-05
2.400000000000000000e+01 1.144409179687500000e-05
2.500000000000000000e+01 1.617431640625000081e-05
2.600000000000000000e+01 1.846313476562499946e-05
2.700000000000000000e+01 1.296997070312499966e-05
2.800000000000000000e+01 1.052856445312499919e-05
2.900000000000000000e+01 3.585815429687499797e-06
3.000000000000000000e+01 5.111694335937500305e-06
3.100000000000000000e+01 1.167297363281250020e-05
3.200000000000000000e+01 1.464843749999999946e-05
3.300000000000000000e+01 9.765625000000000203e-06
3.400000000000000000e+01 1.052856445312499919e-05
3.500000000000000000e+01 1.060485839843749925e-05
3.600000000000000000e+01 9.155273437499999661e-07
3.700000000000000000e+01 -1.373291015624999949e-06
3.800000000000000000e+01 -1.678466796875000008e-06
3.900000000000000000e+01 -5.416870117187499729e-06
4.000000000000000000e+01 -5.798339843750000068e-06
4.100000000000000000e+01 -1.449584960937500017e-06
4.200000000000000000e+01 -1.304626464843749973e-05
4.300000000000000000e+01 -1.190185546875000041e-05
4.400000000000000000e+01 -1.533508300781249837e-05
4.500000000000000000e+01 -1.289367675781249959e-05
4.600000000000000000e+01 -2.517700195312500119e-06
4.700000000000000000e+01 -4.730224609374999966e-06
4.800000000000000000e+01 -6.332397460937499695e-06
4.900000000000000000e+01 -3.814697265625000000e-06
5.000000000000000000e+01 -7.171630859374999593e-06
5.100000000000000000e+01 -6.484985351562499831e-06
5.200000000000000000e+01 3.051757812500000169e-06
5.300000000000000000e+01 5.874633789062500136e-06
5.400000000000000000e+01 9.002685546874999526e-06
5.500000000000000000e+01 1.159667968750000014e-05
5.600000000000000000e+01 8.392333984375000678e-06
5.700000000000000000e+01 -2.975463867187500102e-06
5.800000000000000000e+01 5.493164062499999797e-06
5.900000000000000000e+01 1.373291015624999949e-06
6.000000000000000000e+01 -2.059936523437500136e-06
6.100000000000000000e+01 -4.577636718749999831e-06
6.200000000000000000e+01 -1.403808593750000061e-05
6.300000000000000000e+01 -1.495361328124999973e-05
