0.000000000000000000e+00 -4.554748535156249810e-05
1.000000000000000000e+00 -3.379821777343749783e-05
2.000000000000000000e+00 -2.845764160156249986e-05
3.000000000000000000e+00 -2.174377441406250068e-05
4.000000000000000000e+00 -8.773803710937499322e-06
5.000000000000000000e+00 -5.950927734375000203e-06
6.000000000000000000e+00 -1.373291015624999949e-06
7.000000000000000000e+00 -2.670288085937499831e-06
8.000000000000000000e+00 2.975463867187500102e-06
9.000000000000000000e+00 -2.670288085937499831e-06
1.000000000000000000e+01 -9.918212890625000339e-07
1.100000000000000000e+01 -3.204345703124999881e-06
1.200000000000000000e+01 -3.814697265625000000e-06
1.300000000000000000e+01 -4.501342773437499763e-06
1.400000000000000000e+01 1.373291015624999949e-06
1.500000000000000000e+01 2.670288085937499831e-06
1.600000000000000000e+01 3.814697265625000212e-07
1.700000000000000000e+01 6.561279296874999898e-06
1.800000000000000000e+01 9.613037109375000068e-06
1.900000000000000000e+01 1.541137695312500014e-05
2.000000000000000000e+01 1.358032226562500020e-05
2.100000000000000000e+01 1.136779785156249993e-05
2.200000000000000000e+01 7.019042968750000305e-06
2.300000000000000000e+01 0.000000000000000000e+00
2.400000000000000000e+01 1.907348632812500000e-06
2.500000000000000000e+01 -1.983642578125000068e-06
2.600000000000000000e+01 1.403808593750000061e-05
2.700000000000000000e+01 3.097534179687499702e-05
2.800000000000000000e+01 4.440307617187500217e-05
2.900000000000000000e+01 5.256652832031249756e-05
3.000000000000000000e+01 5.569458007812499864e-05
3.100000000000000000e+01 5.882263183593749973e-05
3.200000000000000000e+01 5.348205566406249837e-05
3.300000000000000000e+01 5.142211914062500163e-05
3.400000000000000000e+01 4.165649414062499973e-05
3.500000000000000000e+01 1.953125000000000041e-05
3.600000000000000000e+01 -6.561279296874999898e-06
3.700000000000000000e+01 -2.403259277343749932e-05
3.800000000000000000e+01 -3.967285156250000136e-05
3.900000000000000000e+01 -4.669189453125000081e-05
4.000000000000000000e+01 -5.416870117187499729e-05
4.100000000000000000e+01 -4.554748535156249810e-05
4.200000000000000000e+01 -3.730773925781249756e-05
4.300000000000000000e+01 -3.318786621093749729e-05
4.400000000000000000e+01 -3.334045410156250081e-05
4.500000000000000000e+01 -2.693176269531249851e-05
4.600000000000000000e+01 -1.022338867187500061e-05
4.700000000000000000e+01 -4.806518554687500034e-06
4.800000000000000000e+01 1.251220703124999925e-05
4.900000000000000000e+01 2.548217773437499892e-05
5.000000000000000000e+01 3.875732421875000054e-05
5.100000000000000000e+01 4.928588867187499973e-05
5.200000000000000000e+01 5.538940429687499837e-05
5.300000000000000000e+01 5.844116210937500108e-05
5.400000000000000000e+01 4.753112792968750325e-05
5.500000000000000000e+01 3.715515136718750081e-05
5.600000000000000000e+01 1.892089843749999986e-05
5.700000000000000000e+01 9.918212890625000339e-07
5.800000000000000000e+01 -2.517700195312499864e-05
5.900000000000000000e+01 -4.745483398437499810e-05
6.000000000000000000e+01 -5.867004394531250298e-05
6.100000000000000000e+01 -6.134033203124999349e-05
6.200000000000000000e+01 -6.233215332031249946e-05
6.300000000000000000e+01 -5.699157714843749810e-05
