0.000000000000000000e+00 -5.920410156249999837e-05
1.000000000000000000e+00 3.125000000000000065e-04
2.000000000000000000e+00 2.807617187500000122e-05
3.000000000000000000e+00 -9.094238281249999946e-05
4.000000000000000000e+00 -2.105712890625000108e-04
5.000000000000000000e+00 -2.313232421875000022e-04
6.000000000000000000e+00 -2.178955078124999902e-04
7.000000000000000000e+00 -2.246093750000000098e-04
8.000000000000000000e+00 -1.849365234374999881e-04
9.000000000000000000e+00 8.972167968749999837e-05
1.000000000000000000e+01 3.308105468749999957e-04
1.100000000000000000e+01 9.582519531250000379e-05
1.200000000000000000e+01 -1.879882812500000043e-04
1.300000000000000000e+01 2.844238281250000087e-04
1.400000000000000000e+01 4.162597656250000173e-04
1.500000000000000000e+01 3.796386718749999848e-04
1.600000000000000000e+01 1.953125000000000108e-04
1.700000000000000000e+01 2.062988281249999935e-04
1.800000000000000000e+01 -1.281738281249999953e-05
1.900000000000000000e+01 -2.398681640625000098e-04
2.000000000000000000e+01 -4.980468750000000087e-04
2.100000000000000000e+01 -2.783203124999999761e-04
2.200000000000000000e+01 5.920410156249999837e-05
2.300000000000000000e+01 1.086425781250000016e-04
2.400000000000000000e+01 7.507324218749999892e-05
2.500000000000000000e+01 2.575683593749999848e-04
2.600000000000000000e+01 2.813720703125000195e-04
2.700000000000000000e+01 5.310058593749999973e-05
2.800000000000000000e+01 -3.393554687499999761e-04
2.900000000000000000e+01 -2.014160156250000095e-05
3.000000000000000000e+01 1.403808593750000061e-05
3.100000000000000000e+01 -3.918457031249999957e-04
