0.000000000000000000e+00 1.867675781250000033e-04
1.000000000000000000e+00 2.392578124999999957e-04
2.000000000000000000e+00 2.746582031250000068e-05
3.000000000000000000e+00 -3.601074218749999810e-05
4.000000000000000000e+00 -2.551269531249999827e-04
5.000000000000000000e+00 -3.240966796874999761e-04
6.000000000000000000e+00 -2.008056640625000022e-04
7.000000000000000000e+00 -1.226806640624999870e-04
8.000000000000000000e+00 2.990722656249999946e-05
9.000000000000000000e+00 2.960205078124999783e-04
1.000000000000000000e+01 3.405761718750000043e-04
1.100000000000000000e+01 1.367187500000000130e-04
1.200000000000000000e+01 -6.103515625000000000e-05
1.300000000000000000e+01 5.981445312499999892e-05
1.400000000000000000e+01 -2.563476562499999905e-05
1.500000000000000000e+01 -7.995605468750000325e-05
1.600000000000000000e+01 8.422851562499999349e-05
1.700000000000000000e+01 1.928710937500000087e-04
1.800000000000000000e+01 -2.929687499999999892e-05
1.900000000000000000e+01 -1.336669921874999967e-04
2.000000000000000000e+01 -1.867675781250000033e-04
2.100000000000000000e+01 -1.684570312499999870e-04
2.200000000000000000e+01 1.342773437500000108e-04
2.300000000000000000e+01 1.672363281250000130e-04
2.400000000000000000e+01 -3.601074218749999810e-05
2.500000000000000000e+01 -1.745605468749999924e-04
2.600000000000000000e+01 -1.031494140624999967e-04
2.700000000000000000e+01 1.226806640624999870e-04
2.800000000000000000e+01 3.552246093750000173e-04
2.900000000000000000e+01 4.296875000000000022e-04
3.000000000000000000e+01 3.320312500000000239e-04
3.100000000000000000e+01 2.673339843749999935e-04
