0.000000000000000000e+00 -2.212524414062499848e-06
1.000000000000000000e+00 4.196166992187500339e-06
2.000000000000000000e+00 -9.918212890625000339e-07
3.000000000000000000e+00 -7.324218749999999729e-06
4.000000000000000000e+00 -5.264282226562499593e-06
5.000000000000000000e+00 3.814697265625000000e-06
6.000000000000000000e+00 4.272460937500000407e-06
7.000000000000000000e+00 2.822875976562499966e-06
8.000000000000000000e+00 1.068115234375000102e-06
9.000000000000000000e+00 -3.051757812500000064e-07
1.000000000000000000e+01 4.425048828124999695e-06
1.100000000000000000e+01 0.000000000000000000e+00
1.200000000000000000e+01 -5.340576171875000508e-07
1.300000000000000000e+01 -1.525878906250000032e-07
1.400000000000000000e+01 1.907348632812500000e-06
1.500000000000000000e+01 -3.814697265625000212e-07
1.600000000000000000e+01 -5.874633789062500136e-06
1.700000000000000000e+01 -1.983642578125000068e-06
1.800000000000000000e+01 -1.754760742187500076e-06
1.900000000000000000e+01 2.288818359374999915e-06
2.000000000000000000e+01 8.850097656249999390e-06
2.100000000000000000e+01 1.029968261718750068e-05
2.200000000000000000e+01 1.075744628906249939e-05
2.300000000000000000e+01 7.400512695312499797e-06
2.400000000000000000e+01 6.027221679687500271e-06
2.500000000000000000e+01 9.231567382812499729e-06
2.600000000000000000e+01 1.007080078125000047e-05
2.700000000000000000e+01 2.441406250000000051e-06
2.800000000000000000e+01 2.975463867187500102e-06
2.900000000000000000e+01 1.472473144531249953e-05
3.000000000000000000e+01 3.051757812500000064e-07
3.100000000000000000e+01 -3.280639648437499949e-06
3.200000000000000000e+01 7.629394531250000424e-07
3.300000000000000000e+01 -8.697509765624999255e-06
3.400000000000000000e+01 -5.187988281250000373e-06
3.500000000000000000e+01 -5.264282226562499593e-06
3.600000000000000000e+01 -9.002685546874999526e-06
3.700000000000000000e+01 -1.075744628906249939e-05
3.800000000000000000e+01 -1.220703125000000068e-05
3.900000000000000000e+01 -1.296997070312499966e-05
4.000000000000000000e+01 -7.019042968750000305e-06
4.100000000000000000e+01 -1.586914062500000054e-05
4.200000000000000000e+01 -5.569458007812499864e-06
4.300000000000000000e+01 -7.629394531250000159e-08
4.400000000000000000e+01 5.340576171874999661e-06
4.500000000000000000e+01 -2.136230468750000203e-06
4.600000000000000000e+01 -6.790161132812500102e-06
4.700000000000000000e+01 -5.340576171875000508e-07
4.800000000000000000e+01 -1.602172851562499941e-06
4.900000000000000000e+01 -5.416870117187499729e-06
5.000000000000000000e+01 1.678466796875000008e-06
5.100000000000000000e+01 -8.239746093750000542e-06
5.200000000000000000e+01 -7.705688476562500068e-06
5.300000000000000000e+01 -1.152038574218750007e-05
5.400000000000000000e+01 -7.019042968750000305e-06
5.500000000000000000e+01 -1.068115234374999932e-05
5.600000000000000000e+01 -1.373291015625000034e-05
5.700000000000000000e+01 -1.304626464843749973e-05
5.800000000000000000e+01 -1.235961914062500081e-05
5.900000000000000000e+01 -1.022338867187500061e-05
6.000000000000000000e+01 -1.197814941406250047e-05
6.100000000000000000e+01 -4.806518554687500034e-06
6.200000000000000000e+01 -6.713867187500000034e-06
6.300000000000000000e+01 -1.106262207031249966e-05
