0.000000000000000000e+00 7.308959960937500054e-05
1.000000000000000000e+00 4.959106445312500000e-05
2.000000000000000000e+00 2.319335937500000027e-05
3.000000000000000000e+00 -9.689331054687500136e-06
4.000000000000000000e+00 -3.395080566406250136e-05
5.000000000000000000e+00 -5.119323730468749973e-05
6.000000000000000000e+00 -7.141113281249999566e-05
7.000000000000000000e+00 -8.224487304687499512e-05
8.000000000000000000e+00 -6.698608398437499512e-05
9.000000000000000000e+00 -5.104064941406250298e-05
1.000000000000000000e+01 -1.541137695312500014e-05
1.100000000000000000e+01 2.639770507812499973e-05
1.200000000000000000e+01 5.325317382812500325e-05
1.300000000000000000e+01 6.492614746093749837e-05
1.400000000000000000e+01 6.202697753906250596e-05
1.500000000000000000e+01 5.043029785156250244e-05
1.600000000000000000e+01 4.356384277343749973e-05
1.700000000000000000e+01 2.449035644531249973e-05
1.800000000000000000e+01 1.083374023437499946e-05
1.900000000000000000e+01 -1.632690429687500095e-05
2.000000000000000000e+01 -4.333496093749999783e-05
2.100000000000000000e+01 -6.050109863281249783e-05
2.200000000000000000e+01 -7.553100585937500271e-05
2.300000000000000000e+01 -7.255554199218749837e-05
2.400000000000000000e+01 -6.439208984374999621e-05
2.500000000000000000e+01 -5.325317382812500325e-05
2.600000000000000000e+01 -4.638671875000000054e-05
2.700000000000000000e+01 -4.325866699218749946e-05
2.800000000000000000e+01 -3.730773925781249756e-05
2.900000000000000000e+01 -2.624511718749999959e-05
3.000000000000000000e+01 -9.841918945312500271e-06
3.100000000000000000e+01 9.155273437499999661e-07
3.200000000000000000e+01 4.653930664062499898e-06
3.300000000000000000e+01 -8.392333984375000042e-07
3.400000000000000000e+01 8.544921875000000813e-06
3.500000000000000000e+01 1.380920410156250041e-05
3.600000000000000000e+01 1.083374023437499946e-05
3.700000000000000000e+01 1.419067382812500075e-05
3.800000000000000000e+01 1.930236816406249851e-05
3.900000000000000000e+01 2.357482910156249892e-05
4.000000000000000000e+01 3.242492675781250000e-05
4.100000000000000000e+01 3.158569335937499756e-05
4.200000000000000000e+01 3.448486328124999675e-05
4.300000000000000000e+01 4.486083984374999919e-05
4.400000000000000000e+01 5.592346191406250054e-05
4.500000000000000000e+01 6.095886230468750163e-05
4.600000000000000000e+01 5.882263183593749973e-05
4.700000000000000000e+01 5.477905273437499783e-05
4.800000000000000000e+01 4.081726074218749729e-05
4.900000000000000000e+01 2.296447753906249837e-05
5.000000000000000000e+01 0.000000000000000000e+00
5.100000000000000000e+01 -2.441406250000000136e-05
5.200000000000000000e+01 -4.585266113281249837e-05
5.300000000000000000e+01 -5.722045898437500000e-05
5.400000000000000000e+01 -5.348205566406249837e-05
5.500000000000000000e+01 -5.226135253906249729e-05
5.600000000000000000e+01 -4.737854003906249973e-05
5.700000000000000000e+01 -3.250122070312499837e-05
5.800000000000000000e+01 -1.350402832031250014e-05
5.900000000000000000e+01 9.994506835937500407e-06
6.000000000000000000e+01 4.005432128906250000e-05
6.100000000000000000e+01 6.851196289062500325e-05
6.200000000000000000e+01 8.110046386718750596e-05
6.300000000000000000e+01 8.155822753906249621e-05
