0.000000000000000000e+00 -4.783630371093749675e-05
1.000000000000000000e+00 -3.173828125000000108e-05
2.000000000000000000e+00 -1.167297363281250020e-05
3.000000000000000000e+00 -2.029418945312500108e-05
4.000000000000000000e+00 -3.479003906249999702e-05
5.000000000000000000e+00 -7.629394531250000000e-06
6.000000000000000000e+00 -1.640319824218749932e-05
7.000000000000000000e+00 -1.548767089843749851e-05
8.000000000000000000e+00 -5.264282226562500271e-05
9.000000000000000000e+00 -2.197265624999999919e-05
1.000000000000000000e+01 3.723144531249999919e-05
1.100000000000000000e+01 5.676269531250000298e-05
1.200000000000000000e+01 5.622863769531250081e-05
1.300000000000000000e+01 3.402709960937499973e-05
1.400000000000000000e+01 1.754760742187499864e-05
1.500000000000000000e+01 -6.408691406249999763e-06
1.600000000000000000e+01 -2.304077148437500014e-05
1.700000000000000000e+01 -5.897521972656250325e-05
1.800000000000000000e+01 -3.234863281250000163e-05
1.900000000000000000e+01 -7.705688476562500068e-06
2.000000000000000000e+01 1.403808593750000061e-05
2.100000000000000000e+01 4.287719726562500081e-05
2.200000000000000000e+01 6.584167480468750596e-05
2.300000000000000000e+01 5.905151367187500163e-05
2.400000000000000000e+01 1.403808593750000061e-05
2.500000000000000000e+01 -9.765625000000000203e-06
2.600000000000000000e+01 -2.883911132812499851e-05
2.700000000000000000e+01 -4.859924316406250081e-05
2.800000000000000000e+01 -5.195617675781249702e-05
2.900000000000000000e+01 -3.890991210937499729e-05
3.000000000000000000e+01 -3.311157226562499892e-05
3.100000000000000000e+01 -3.540039062499999756e-05
3.200000000000000000e+01 -3.898620605468750244e-05
3.300000000000000000e+01 -5.187988281250000373e-06
3.400000000000000000e+01 2.670288085937500000e-05
3.500000000000000000e+01 4.425048828124999864e-05
3.600000000000000000e+01 5.531311035156250000e-05
3.700000000000000000e+01 5.302429199218750136e-05
3.800000000000000000e+01 1.091003417968749953e-05
3.900000000000000000e+01 9.155273437499999661e-07
4.000000000000000000e+01 -8.621215820312499187e-06
4.100000000000000000e+01 -1.289367675781249959e-05
4.200000000000000000e+01 -1.853942871093750122e-05
4.300000000000000000e+01 0.000000000000000000e+00
4.400000000000000000e+01 8.926391601562499458e-06
4.500000000000000000e+01 4.005432128906250000e-05
4.600000000000000000e+01 2.540588378906250054e-05
4.700000000000000000e+01 1.220703125000000025e-06
4.800000000000000000e+01 -2.014160156250000095e-05
4.900000000000000000e+01 -2.761840820312500081e-05
5.000000000000000000e+01 1.327514648437499993e-05
5.100000000000000000e+01 7.095336914062500373e-06
5.200000000000000000e+01 1.441955566406249925e-05
5.300000000000000000e+01 9.155273437499999661e-06
5.400000000000000000e+01 6.713867187500000034e-06
5.500000000000000000e+01 -1.091003417968749953e-05
5.600000000000000000e+01 9.155273437499999661e-07
5.700000000000000000e+01 1.815795898437499919e-05
5.800000000000000000e+01 1.686096191406249973e-05
5.900000000000000000e+01 1.571655273437500041e-05
6.000000000000000000e+01 2.525329589843750041e-05
6.100000000000000000e+01 -8.544921875000000813e-06
6.200000000000000000e+01 -7.400512695312499797e-06
6.300000000000000000e+01 2.441406250000000051e-06
