1.500000000000000000e+00 -4.291296005249023438e-03
1.722222222222222321e+00 -4.247760772705078472e-03
1.944444444444444420e+00 -4.035282135009765798e-03
2.166666666666666519e+00 -3.771924972534179774e-03
2.388888888888888840e+00 -3.483080863952636805e-03
2.611111111111111160e+00 -3.159999847412109375e-03
2.833333333333333037e+00 -2.871203422546386892e-03
3.055555555555555358e+00 -2.608346939086914236e-03
3.277777777777777679e+00 -2.418494224548339757e-03
3.500000000000000000e+00 -2.225399017333984375e-03
