1.500000000000000000e+00 -1.120494842529296854e-02
1.722222222222222321e+00 -1.096458435058593819e-02
1.944444444444444420e+00 -1.029523849487304701e-02
2.166666666666666519e+00 -9.375934600830077362e-03
2.388888888888888840e+00 -8.289680480957031805e-03
2.611111111111111160e+00 -7.370853424072265278e-03
2.833333333333333037e+00 -6.482467651367187188e-03
3.055555555555555358e+00 -5.882587432861328264e-03
3.277777777777777679e+00 -5.369415283203124792e-03
3.500000000000000000e+00 -4.923610687255859132e-03
