1.500000000000000000e+00 -2.101638793945312389e-02
1.722222222222222321e+00 -2.044601440429687569e-02
1.944444444444444420e+00 -1.965118408203124847e-02
2.166666666666666519e+00 -1.772384643554687431e-02
2.388888888888888840e+00 -1.597839355468750125e-02
2.611111111111111160e+00 -1.422485351562500014e-02
2.833333333333333037e+00 -1.249816894531250062e-02
3.055555555555555358e+00 -1.132919311523437542e-02
3.277777777777777679e+00 -1.056350708007812444e-02
3.500000000000000000e+00 -9.289245605468749584e-03
