1.500000000000000000e+00 -4.292321205139159983e-03
1.722222222222222321e+00 -4.204607009887695659e-03
1.944444444444444420e+00 -4.027032852172851216e-03
2.166666666666666519e+00 -3.764414787292480555e-03
2.388888888888888840e+00 -3.457379341125488108e-03
2.611111111111111160e+00 -3.164291381835937500e-03
2.833333333333333037e+00 -2.849793434143066320e-03
3.055555555555555358e+00 -2.626061439514160156e-03
3.277777777777777679e+00 -2.413487434387206945e-03
3.500000000000000000e+00 -2.273750305175781077e-03
