1.500000000000000000e+00 -1.110574722290039000e-02
1.722222222222222321e+00 -1.086803436279296792e-02
1.944444444444444420e+00 -1.015695571899414076e-02
2.166666666666666519e+00 -9.331130981445312153e-03
2.388888888888888840e+00 -8.223228454589844028e-03
2.611111111111111160e+00 -7.309207916259765833e-03
2.833333333333333037e+00 -6.530265808105468334e-03
3.055555555555555358e+00 -5.914745330810547257e-03
3.277777777777777679e+00 -5.301799774169922014e-03
3.500000000000000000e+00 -4.887027740478515694e-03
