1.500000000000000000e+00 -2.134414672851562417e-02
1.722222222222222321e+00 -2.013854980468749931e-02
1.944444444444444420e+00 -2.003692626953125153e-02
2.166666666666666519e+00 -1.782470703125000125e-02
2.388888888888888840e+00 -1.590423583984374931e-02
2.611111111111111160e+00 -1.414367675781249938e-02
2.833333333333333037e+00 -1.260528564453125035e-02
3.055555555555555358e+00 -1.108230590820312444e-02
3.277777777777777679e+00 -1.013092041015625083e-02
3.500000000000000000e+00 -9.316558837890625763e-03
