1.500000000000000000e+00 1.342773437500000007e-05 -1.342773437500000007e-05
1.722222222222222321e+00 -9.284973144531249946e-05 9.284973144531249946e-05
1.944444444444444420e+00 5.382537841796874783e-05 -5.382537841796874783e-05
2.166666666666666519e+00 -3.414154052734374729e-05 3.414154052734374729e-05
2.388888888888888840e+00 1.028442382812500033e-04 -1.028442382812500033e-04
2.611111111111111160e+00 -2.910614013671874959e-05 2.910614013671874959e-05
2.833333333333333037e+00 -3.219604492187499810e-05 3.219604492187499810e-05
3.055555555555555358e+00 -1.010513305664062440e-04 1.010513305664062440e-04
3.277777777777777679e+00 -4.726409912109375217e-05 4.726409912109375217e-05
3.500000000000000000e+00 -5.886077880859374892e-05 5.886077880859374892e-05
