1.500000000000000000e+00 -6.415843963623046909e-06 6.415843963623046909e-06
1.722222222222222321e+00 -9.222030639648437432e-06 9.222030639648437432e-06
1.944444444444444420e+00 -6.818771362304687204e-07 6.818771362304687204e-07
2.166666666666666519e+00 -1.966953277587890625e-06 1.966953277587890625e-06
2.388888888888888840e+00 -1.145601272583007745e-05 1.145601272583007745e-05
2.611111111111111160e+00 -7.541179656982421638e-06 7.541179656982421638e-06
2.833333333333333037e+00 -9.315013885498046943e-06 9.315013885498046943e-06
3.055555555555555358e+00 -1.353263854980468703e-05 1.353263854980468703e-05
3.277777777777777679e+00 -8.189678192138672214e-06 8.189678192138672214e-06
3.500000000000000000e+00 -2.732276916503906453e-06 2.732276916503906453e-06
