1.500000000000000000e+00 -5.781650543212890201e-07 5.781650543212890201e-07
1.722222222222222321e+00 -5.766749382019043392e-07 5.766749382019043392e-07
1.944444444444444420e+00 -7.167458534240722868e-07 7.167458534240722868e-07
2.166666666666666519e+00 -3.695487976074218856e-07 3.695487976074218856e-07
2.388888888888888840e+00 -9.402632713317871306e-07 9.402632713317871306e-07
2.611111111111111160e+00 -9.685754776000976562e-07 9.685754776000976562e-07
2.833333333333333037e+00 -7.078051567077636719e-07 7.078051567077636719e-07
3.055555555555555358e+00 -5.081295967102050993e-07 5.081295967102050993e-07
3.277777777777777679e+00 -1.069903373718261676e-06 1.069903373718261676e-06
3.500000000000000000e+00 -1.032650470733642536e-06 1.032650470733642536e-06
