1.500000000000000000e+00 3.874301910400390625e-07 5.513429641723632812e-07
1.722222222222222321e+00 6.705522537231445312e-08 1.795589923858642578e-06
1.944444444444444420e+00 -6.169080734252929476e-07 1.376867294311523522e-06
2.166666666666666519e+00 -1.735985279083251953e-06 5.438923835754394531e-07
2.388888888888888840e+00 -1.387298107147216712e-06 2.400577068328857337e-06
2.611111111111111160e+00 -1.654028892517089844e-06 -1.490116119384765625e-08
2.833333333333333037e+00 -1.810491085052490234e-06 6.929039955139160156e-07
3.055555555555555358e+00 -2.562999725341796769e-07 7.778406143188476986e-07
3.277777777777777679e+00 -1.803040504455566353e-07 2.355873584747314368e-06
3.500000000000000000e+00 -9.492039680480957455e-07 2.573430538177490065e-06
