1.500000000000000000e+00 -5.214691162109374973e-05 3.688812255859374973e-05
1.722222222222222321e+00 -8.087158203124999729e-05 1.571655273437500108e-04
1.944444444444444420e+00 -4.844665527343750068e-06 8.659362792968750068e-06
2.166666666666666519e+00 -1.506423950195312576e-04 1.124954223632812440e-04
2.388888888888888840e+00 -1.029968261718750000e-04 8.392333984375000000e-05
2.611111111111111160e+00 -8.384704589843750163e-05 2.662658691406250163e-05
2.833333333333333037e+00 -5.020141601562500054e-05 7.690429687500000054e-05
3.055555555555555358e+00 -1.243591308593750054e-04 9.384155273437500542e-05
3.277777777777777679e+00 -4.432678222656249702e-05 -3.196716308593750298e-05
3.500000000000000000e+00 -6.435394287109375379e-05 6.053924560546874702e-05
