1.500000000000000000e+00 -9.198188781738280843e-06 -3.437995910644531233e-06
1.722222222222222321e+00 8.180141448974609917e-06 1.160860061645507758e-05
1.944444444444444420e+00 5.037784576416015388e-06 -5.078315734863280996e-07
2.166666666666666519e+00 -2.562761306762695191e-05 1.823663711547851441e-05
2.388888888888888840e+00 -5.714893341064452854e-06 1.405954360961914035e-05
2.611111111111111160e+00 -4.115104675292969123e-06 1.079082489013671828e-05
2.833333333333333037e+00 -1.952648162841796756e-06 3.144741058349609256e-06
3.055555555555555358e+00 -5.557537078857421570e-06 5.080699920654296570e-06
3.277777777777777679e+00 -6.635189056396483968e-06 1.688718795776367147e-05
3.500000000000000000e+00 -1.634597778320312554e-05 -1.773834228515625093e-06
