1.500000000000000000e+00 5.935240517381349781e-08 5.935240517381349781e-08
1.722222222222222321e+00 4.012781607006247314e-07 4.012781607006247314e-07
1.944444444444444420e+00 6.286846212077780515e-08 6.286846212077780515e-08
2.166666666666666519e+00 2.626071458133940530e-07 2.626071458133940530e-07
2.388888888888888840e+00 1.987977693107002747e-07 1.987977693107002747e-07
2.611111111111111160e+00 6.228555903994410947e-08 6.228555903994410947e-08
2.833333333333333037e+00 1.338844606146420010e-08 1.338844606146420010e-08
3.055555555555555358e+00 2.147214876581477571e-08 2.147214876581477571e-08
3.277777777777777679e+00 8.665359710914401699e-08 8.665359710914401699e-08
3.500000000000000000e+00 1.147186390836294262e-07 1.147186390836294262e-07
