1.500000000000000000e+00 1.915480713875572931e-08 1.915480713875572931e-08
1.722222222222222321e+00 7.820750750187761869e-09 7.820750750187761869e-09
1.944444444444444420e+00 2.008382565558857074e-09 2.008382565558857074e-09
2.166666666666666519e+00 7.181538018740354336e-09 7.181538018740354336e-09
2.388888888888888840e+00 7.464371034284129671e-10 7.464371034284129671e-10
2.611111111111111160e+00 4.842792208660034104e-09 4.842792208660034104e-09
2.833333333333333037e+00 4.010550612473399484e-10 4.010550612473399484e-10
3.055555555555555358e+00 4.588972892336405943e-09 4.588972892336405943e-09
3.277777777777777679e+00 5.738362746488883485e-09 5.738362746488883485e-09
3.500000000000000000e+00 1.638545642829857986e-09 1.638545642829857986e-09
