1.500000000000000000e+00 9.113543341262205252e-07 9.113543341262205252e-07
1.722222222222222321e+00 3.704906017725489865e-07 3.704906017725489865e-07
1.944444444444444420e+00 1.091350788602929740e-06 1.091350788602929740e-06
2.166666666666666519e+00 1.359603800942575609e-06 1.359603800942575609e-06
2.388888888888888840e+00 1.214853179742423842e-06 1.214853179742423842e-06
2.611111111111111160e+00 9.345600014049001053e-06 9.345600014049001053e-06
2.833333333333333037e+00 1.067228984587800871e-06 1.067228984587800871e-06
3.055555555555555358e+00 1.955034920617477235e-06 1.955034920617477235e-06
3.277777777777777679e+00 5.342140453926809004e-07 5.342140453926809004e-07
3.500000000000000000e+00 2.034494881383304140e-06 2.034494881383304140e-06
